4.38
4.36
4.35
4.37
4.40
4.48
4.59
4.75
4.84
4.78
4.66
4.51
4.43
4.34
4.26
4.25
4.33
4.42
4.51
4.54
4.53
4.54
4.51
4.47
4.49
4.57
4.69
4.76
4.73
4.58
4.46
4.37
4.38
4.42
4.49
4.54
4.55
4.64
4.83
4.93
4.85
4.49
4.20
4.19
4.40
4.61
4.76
4.74
4.63
4.52
4.46
4.44
4.43
4.44
4.46
4.49
4.50
4.56
4.63
4.67
4.70
4.71
4.72
4.77
4.78
4.72
4.66
4.59
4.58
4.64
4.70
4.74
4.69
4.55
4.40
4.32
4.36
4.42
4.54
4.62
4.72
4.80
4.84
4.73
4.50
4.29
4.18
4.20
4.35
4.57
4.59
4.48
4.53
4.58
4.56
4.58
4.62
4.69
4.75
4.71
4.60
4.54
4.47
4.45
4.53
4.59
4.58
4.53
4.58
4.70
4.67
4.52
4.39
4.35
4.39
4.47
4.49
4.48
4.44
4.43
4.51
4.70
4.82
4.70
4.51
4.33
4.34
4.59
4.81
4.79
4.60
4.52
4.61
4.88
4.97
4.76
4.42
4.18
4.18
4.30
4.51
4.62
4.63
4.53
4.39
4.32
4.34
4.45
4.51
4.54
4.44
4.33
4.33
4.39
4.49
4.62
4.60
4.51
4.54
4.86
5.18
5.10
4.80
4.33
3.89
3.88
4.06
4.27
4.46
4.51
4.43
4.37
4.40
4.48
4.56
4.55
4.46
4.43
4.46
4.55
4.59
4.56
4.53
4.60
4.68
4.75
4.68
4.54
4.34
4.24
4.29
4.45
4.65
4.80
4.85
4.66
4.39
4.23
4.25
4.37
4.50
4.55
4.71
4.82
4.80
4.60
4.42
4.36
4.39
4.49
4.60
4.70
4.79
4.82
4.70
4.50
4.47
4.60
4.80
4.97
4.89
4.69
4.56
4.45
4.42
4.45
4.50
4.45
4.42
4.53
4.65
4.73
4.77
4.68
4.51
4.45
4.50
4.60
4.70
4.68
4.60
4.60
4.69
4.84
4.91
4.85
4.75
4.58
4.39
4.30
4.34
4.44
4.44
4.45
4.53
4.69
4.77
4.84
4.86
4.75
4.65
4.60
4.59
4.55
4.39
4.26
4.28
4.40
4.60
4.69
4.69
4.59
4.51
4.54
4.59
4.51
4.45
4.51
4.50
4.47
4.48
4.50
4.56
4.72
4.88
4.90
4.90
4.75
4.60
4.45
4.39
4.21
4.19
4.25
4.39
4.54
4.65
4.75
4.88
4.77
4.41
4.29
4.39
4.47
4.55
4.61
4.67
4.76
4.89
5.01
5.03
4.90
4.75
4.53
4.17
4.05
4.17
4.29
4.41
4.51
4.64
4.72
4.76
4.68
4.55
4.54
4.60
4.62
4.53
4.45
4.65
4.90
5.06
4.99
4.74
4.43
4.15
3.98
4.06
4.25
4.37
4.44
4.47
4.53
4.63
4.70
4.68
4.58
4.46
4.26
4.20
4.32
4.50
4.69
4.80
4.76
4.65
4.73
4.90
4.72
4.43
4.36
4.28
4.22
4.32
4.49
4.59
4.65
4.69
4.72
4.77
4.77
4.66
4.54
4.46
4.39
4.42
4.58
4.73
4.82
4.87
4.86
4.85
4.79
4.70
4.60
4.47
4.35
4.38
4.60
4.78
4.76
4.60
4.40
4.44
4.59
4.66
4.78
4.82
4.78
4.60
4.56
4.69
4.70
4.70
4.66
4.56
4.53
4.60
4.75
4.82
4.77
4.58
4.43
4.41
4.56
4.74
4.78
4.79
4.69
4.64
4.70
4.76
4.93
4.99
4.76
4.46
4.35
4.47
4.58
4.66
4.80
4.75
4.70
4.60
4.50
4.41
4.53
4.59
4.60
4.63
4.66
4.70
4.80
4.75
4.60
4.50
4.52
4.51
4.70
4.83
4.85
4.80
4.75
4.79
4.80
4.64
4.34
4.36
4.48
4.68
4.82
4.88
4.95
4.91
4.76
4.65
4.60
4.60
4.57
4.43
4.39
4.49
4.68
4.75
4.77
4.75
4.70
4.64
4.61
4.61
4.79
4.91
4.73
4.54
4.54
4.64
4.77
4.85
4.75
4.60
4.62
4.77
4.83
4.78
4.62
4.49
4.48
4.56
4.75
4.90
4.77
4.45
4.26
4.39
4.58
4.70
4.71
4.66
4.60
4.64
4.69
4.70
4.68
4.60
4.48
4.38
4.40
4.48
4.59
4.70
4.71
4.65
4.65
4.70
4.70
4.64
4.56
4.51
4.60
4.77
4.90
5.01
4.82
4.49
4.25
4.37
4.66
4.79
4.60
4.34
4.15
4.17
4.38
4.54
4.64
4.61
4.55
4.52
4.64
4.79
5.01
5.11
5.03
4.82
4.65
4.58
4.55
4.57
4.64
4.71
4.77
4.86
4.85
4.76
4.62
4.40
4.26
4.29
4.45
4.67
4.78
4.68
4.38
4.42
4.48
4.60
4.70
4.77
4.61
4.49
4.48
4.55
4.64
4.66
4.58
4.50
4.53
4.78
5.00
4.89
4.64
4.39
4.30
4.39
4.50
4.68
4.81
4.87
4.74
4.49
4.37
4.39
4.48
4.53
4.49
4.46
4.60
4.70
4.72
4.65
4.44
4.30
4.44
4.70
4.82
4.70
4.50
4.38
4.34
4.42
4.65
4.78
4.83
4.73
4.60
4.56
4.51
4.54
4.58
4.53
4.49
4.43
4.49
4.49
4.44
4.40
4.46
4.66
4.85
4.83
4.66
4.39
4.18
4.28
4.56
4.78
4.79
4.70
4.55
4.39
4.28
4.28
4.30
4.42
4.50
4.45
4.41
4.50
4.64
4.73
4.70
4.56
4.38
4.24
4.23
4.29
4.39
4.46
4.54
4.72
4.93
4.90
4.69
4.51
4.20
4.10
4.20
4.36
4.51
4.65
4.69
4.68
4.73
4.78
4.68
4.54
4.55
4.46
4.34
4.41
4.49
4.50
4.47
4.37
4.40
4.48
4.56
4.69
4.76
4.77
4.71
4.46
4.26
4.20
4.32
4.55
4.74
4.80
4.74
4.58
4.35
4.39
4.54
4.64
4.64
4.51
4.39
4.43
4.49
4.49
4.46
4.53
4.65
4.75
4.70
4.69
4.63
4.54
4.53
4.57
4.65
4.69
4.69
4.65
4.60
4.72
4.72
4.64
4.55
4.49
4.53
4.65
4.67
4.57
4.45
4.45
4.56
4.64
4.71
4.87
4.91
4.70
4.49
4.33
4.34
4.53
4.73
4.71
4.54
4.39
4.49
4.56
4.60
4.60
4.64
4.67
4.61
4.49
4.47
4.50
4.46
4.40
4.49
4.59
4.62
4.58
4.34
4.28
4.41
4.64
4.65
4.44
4.29
4.30
4.29
4.37
4.47
4.58
4.63
4.60
4.49
4.23
4.08
4.08
4.26
4.44
4.60
4.74
4.89
5.05
5.01
4.75
4.45
4.23
4.16
4.20
4.34
4.42
4.46
4.50
4.51
4.41
4.48
4.57
4.55
4.54
4.53
4.53
4.45
4.36
4.37
4.34
4.29
4.26
4.30
4.39
4.41
4.42
4.53
4.64
4.56
4.43
4.29
4.25
4.39
4.55
4.60
4.46
4.35
4.46
4.49
4.49
4.47
4.39
4.40
4.40
4.34
4.26
4.28
4.42
4.55
4.52
4.46
4.46
4.55
4.66
4.68
4.54
4.46
4.49
4.49
4.40
4.34
4.30
4.33
4.35
4.25
4.20
4.28
4.43
4.69
4.87
4.68
4.33
4.18
4.27
4.39
4.49
4.52
4.48
4.57
4.75
4.82
4.74
4.41
4.12
4.05
4.17
4.48
4.69
4.74
4.54
4.26
4.08
4.17
4.50
4.75
4.72
4.45
4.25
4.11
4.15
4.37
4.60
4.70
4.66
4.64
4.57
4.57
4.68
4.66
4.40
4.11
4.06
4.20
4.49
4.78
4.80
4.61
4.46
4.46
4.50
4.56
4.47
4.33
4.27
4.33
4.49
4.75
4.81
4.75
4.53
4.42
4.49
4.54
4.59
4.58
4.62
4.75
4.87
4.77
4.53
4.35
4.29
4.39
4.51
4.53
4.57
4.60
4.50
4.38
4.36
4.60
5.00
5.09
4.86
4.53
4.25
4.16
4.25
4.40
4.54
4.58
4.59
4.60
4.60
4.59
4.60
4.68
4.60
4.58
4.60
4.52
4.46
4.44
4.45
4.43
4.46
4.59
4.75
4.80
4.70
4.55
4.56
4.66
4.64
4.56
4.57
4.63
4.72
4.83
4.77
4.70
4.46
4.21
4.12
4.25
4.53
4.87
5.12
5.04
4.63
4.37
4.23
4.23
4.36
4.53
4.72
4.77
4.76
4.65
4.49
4.32
4.23
4.29
4.46
4.68
4.79
4.86
4.75
4.60
4.50
4.54
4.59
4.64
4.71
4.71
4.60
4.70
4.86
4.72
4.46
4.30
4.29
4.48
4.71
4.85
4.90
4.82
4.67
4.57
4.59
4.71
4.82
4.82
4.75
4.69
4.63
4.60
4.61
4.60
4.65
4.73
4.84
4.90
4.69
4.50
4.39
4.36
4.47
4.68
4.79
4.73
4.63
4.59
4.60
4.61
4.68
4.70
4.61
4.53
4.46
4.55
4.68
4.77
4.81
4.90
4.95
4.65
4.40
4.38
4.48
4.64
4.68
4.59
4.55
4.62
4.70
4.80
4.82
4.60
4.55
4.52
4.60
4.79
5.00
5.00
4.83
4.64
4.54
4.49
4.43
4.45
4.54
4.77
5.04
5.02
4.76
4.51
4.42
4.48
4.60
4.70
4.69
4.66
4.65
4.69
4.76
4.89
4.87
4.77
4.67
4.59
4.63
4.72
4.77
4.66
4.58
4.59
4.64
4.68
4.64
4.65
4.70
4.70
4.63
4.54
4.54
4.64
4.66
4.63
4.53
4.45
4.47
4.54
4.61
4.74
4.88
4.90
4.75
4.70
4.80
4.89
4.80
4.60
4.37
4.26
4.35
4.55
4.66
4.60
4.42
4.45
4.65
4.75
4.74
4.68
4.66
4.66
4.71
4.64
4.59
4.49
4.42
4.45
4.55
4.75
4.81
4.79
4.68
4.58
4.52
4.62
4.78
4.86
4.70
4.54
4.54
4.72
4.94
4.91
4.74
4.49
4.32
4.35
4.53
4.61
4.60
4.55
4.50
4.54
4.70
5.00
5.13
4.95
4.58
4.34
4.39
4.62
4.75
4.73
4.61
4.59
4.69
4.93
5.04
4.89
4.63
4.45
4.48
4.60
4.73
4.80
4.84
4.76
4.61
4.53
4.59
4.61
4.70
4.70
4.61
4.62
4.81
5.08
5.17
4.97
4.60
4.30
4.19
4.34
4.55
4.69
4.67
4.61
4.64
4.80
4.92
4.98
4.90
4.72
4.55
4.55
4.64
4.64
4.60
4.60
4.70
4.90
4.93
4.81
4.60
4.49
4.40
4.39
4.47
4.60
4.79
4.90
4.72
4.59
4.55
4.62
4.69
4.60
4.42
4.18
4.17
4.43
4.65
4.68
4.57
4.49
4.55
4.74
4.97
5.16
5.24
5.14
4.80
4.48
4.38
4.44
4.58
4.50
4.34
4.25
4.31
4.47
4.60
4.63
4.48
4.33
4.46
4.54
4.51
4.56
4.54
4.51
4.54
4.54
4.54
4.55
4.52
4.41
4.40
4.60
4.85
5.02
5.00
4.63
4.15
3.87
3.93
4.13
4.34
4.46
4.49
4.45
4.48
4.49
4.49
4.46
4.37
4.34
4.44
4.59
4.63
4.61
4.49
4.31
4.28
4.38
4.54
4.59
4.49
4.34
4.36
4.54
4.66
4.67
4.60
4.40
4.23
4.19
4.30
4.44
4.49
4.47
4.36
4.36
4.45
4.52
4.59
4.67
4.65
4.57
4.49
4.50
4.60
4.73
4.74
4.60
4.51
4.62
4.87
5.09
5.10
4.82
4.44
4.24
4.28
4.45
4.66
4.71
4.75
4.76
4.70
4.60
4.54
4.53
4.58
4.70
4.80
4.78
4.78
4.75
4.66
4.66
4.69
4.75
4.80
4.77
4.66
4.50
4.44
4.60
5.00
5.37
5.15
4.63
4.34
4.36
4.48
4.63
4.71
4.69
4.66
4.74
4.88
4.94
4.93
4.84
4.77
4.79
4.84
4.77
4.60
4.52
4.54
4.60
4.59
4.57
4.64
4.70
4.66
4.59
4.60
4.75
4.87
4.90
4.78
4.58
4.50
4.64
4.84
5.05
5.05
4.79
4.56
4.60
4.58
4.51
4.47
4.46
4.45
4.51
4.65
4.74
4.77
4.71
4.57
4.54
4.62
4.71
4.80
4.82
4.75
4.66
4.66
4.68
4.66
4.73
4.68
4.53
4.40
4.39
4.47
4.67
4.70
4.62
4.62
4.73
4.86
4.85
4.68
4.51
4.42
4.44
4.52
4.64
4.72
4.67
4.49
4.41
4.55
4.75
4.86
4.81
4.60
4.40
4.38
4.54
4.73
4.90
4.90
4.67
4.44
4.46
4.57
4.64
4.70
4.77
4.77
4.60
4.50
4.66
4.66
4.62
4.54
4.50
4.53
4.52
4.51
4.51
4.49
4.54
4.73
4.97
5.08
4.91
4.48
4.18
4.21
4.43
4.68
4.90
4.98
4.92
4.79
4.59
4.42
4.34
4.41
4.50
4.55
4.60
4.66
4.65
4.61
4.54
4.50
4.51
4.64
4.79
4.92
4.94
4.86
4.76
4.75
4.77
4.78
4.75
4.65
4.60
4.64
4.71
4.74
4.70
4.64
4.63
4.68
4.77
4.78
4.73
4.64
4.52
4.45
4.46
4.55
4.63
4.65
4.60
4.55
4.60
4.72
4.77
4.79
4.65
4.49
4.44
4.48
4.60
4.68
4.66
4.56
4.48
4.50
4.79
5.14
5.30
5.11
4.64
4.20
4.09
4.19
4.37
4.46
4.48
4.51
4.57
4.60
4.68
4.66
4.59
4.50
4.52
4.62
4.67
4.60
4.55
4.47
4.46
4.57
4.70
4.70
4.64
4.51
4.42
4.44
4.53
4.62
4.67
4.60
4.51
4.55
4.73
4.86
4.80
4.64
4.48
4.34
4.33
4.44
4.60
4.80
4.80
4.69
4.58
4.53
4.55
4.60
4.57
4.49
4.48
4.54
4.58
4.58
4.56
4.51
4.54
4.70
4.80
4.84
4.79
4.60
4.38
4.26
4.35
4.57
4.77
4.82
4.78
4.71
4.70
4.67
4.54
4.40
4.40
4.44
4.54
4.70
4.75
4.66
4.55
4.48
4.47
4.59
4.71
4.80
4.70
4.50
4.42
4.50
4.62
4.70
4.77
4.80
4.75
4.66
4.63
4.69
4.75
4.79
4.75
4.77
4.74
4.62
4.49
4.39
4.31
4.33
4.48
4.64
4.73
4.76
4.64
4.47
4.44
4.55
4.70
4.78
4.79
4.68
4.60
4.67
4.80
4.81
4.67
4.44
4.35
4.49
4.77
4.95
5.01
4.86
4.53
4.32
4.30
4.46
4.60
4.63
4.56
4.46
4.49
4.59
4.69
4.75
4.73
4.61
4.55
4.56
4.59
4.65
4.60
4.58
4.58
4.70
4.80
4.75
4.63
4.47
4.33
4.39
4.63
4.81
4.82
4.73
4.63
4.62
4.81
5.00
4.98
4.76
4.50
4.20
4.14
4.35
4.55
4.67
4.63
4.50
4.45
4.54
4.69
4.75
4.70
4.55
4.48
4.53
4.61
4.71
4.78
4.70
4.54
4.55
4.70
4.77
4.68
4.49
4.29
4.29
4.46
4.62
4.60
4.65
4.53
4.48
4.54
4.69
4.74
4.72
4.60
4.48
4.43
4.58
4.70
4.61
4.42
4.32
4.34
4.46
4.61
4.69
4.63
4.52
4.43
4.48
4.57
4.65
4.72
4.68
4.48
4.27
4.29
4.52
4.74
4.86
4.80
4.70
4.69
4.74
4.74
4.64
4.46
4.39
4.44
4.54
4.65
4.65
4.60
4.38
4.23
4.31
4.53
4.75
4.82
4.68
4.45
4.35
4.40
4.52
4.60
4.56
4.43
4.36
4.48
4.69
4.82
4.80
4.55
4.36
4.29
4.46
4.60
4.58
4.45
4.34
4.32
4.43
4.55
4.58
4.54
4.39
4.33
4.40
4.52
4.61
4.63
4.52
4.44
4.50
4.69
4.83
4.70
4.46
4.29
4.35
4.60
4.77
4.76
4.56
4.28
4.13
4.23
4.49
4.67
4.69
4.54
4.37
4.32
4.46
4.60
4.64
4.59
4.50
4.49
4.55
4.60
4.58
4.47
4.44
4.36
4.43
4.59
4.71
4.68
4.60
4.45
4.42
4.54
4.70
4.80
4.75
4.56
4.38
4.30
4.40
4.52
4.62
4.68
4.68
4.64
4.60
4.56
4.51
4.45
4.34
4.36
4.46
4.65
4.68
4.67
4.57
4.46
4.50
4.59
4.70
4.71
4.60
4.44
4.40
4.51
4.70
4.81
4.89
4.81
4.61
4.46
4.44
4.47
4.55
4.59
4.56
4.55
4.70
4.84
4.82
4.70
4.48
4.40
4.50
4.70
4.88
5.05
5.00
4.74
4.56
4.52
4.64
4.68
4.69
4.64
4.65
4.80
4.95
5.05
4.98
4.79
4.64
4.60
4.69
4.80
4.93
4.83
4.64
4.60
4.75
4.90
4.91
5.02
4.92
4.80
4.82
4.86
4.85
4.85
4.81
4.77
4.82
5.09
5.22
5.18
5.03
4.75
4.60
4.70
4.81
4.90
4.91
4.84
4.78
4.84
5.01
5.13
5.11
5.03
4.94
4.90
4.97
5.02
5.04
5.03
4.98
5.00
5.12
5.30
5.37
5.21
4.91
4.68
4.69
4.88
5.08
5.15
5.11
5.01
4.94
5.10
5.31
5.39
5.28
5.00
4.71
4.72
4.90
5.11
5.20
5.12
5.01
5.06
5.21
5.28
5.17
4.99
4.93
5.06
5.32
5.39
5.27
5.07
4.80
4.70
4.75
4.90
5.10
5.21
5.23
5.22
5.32
5.51
5.60
5.50
5.26
5.05
5.00
5.07
5.26
5.34
5.34
5.20
4.95
4.90
5.04
5.26
5.25
5.27
5.17
5.16
5.30
5.30
5.06
4.84
4.80
4.95
5.23
5.42
5.44
5.07
4.80
4.70
4.75
4.99
5.18
5.22
5.24
5.25
5.21
5.16
5.10
5.07
4.99
4.88
4.84
4.99
5.11
5.13
5.17
5.20
5.10
4.91
4.81
4.82
4.85
4.89
4.90
5.00
5.10
5.28
5.35
5.32
5.19
5.00
4.84
4.85
4.95
5.04
5.02
4.79
4.80
4.89
4.97
5.06
5.08
4.99
4.86
4.85
5.04
5.10
5.10
5.08
5.01
4.90
4.87
4.85
4.90
4.90
4.90
4.88
4.92
4.99
4.92
4.87
5.01
4.54
4.55
4.54
4.55
4.80
4.99
4.88
4.67
4.53
4.55
4.74
4.93
4.84
4.80
4.80
4.77
4.80
5.00
5.07
4.97
4.76
4.60
4.60
4.82
5.01
5.00
4.80
4.56
4.39
4.49
4.74
4.90
4.91
4.77
4.53
4.44
4.57
4.74
4.84
4.74
4.60
4.57
4.68
4.71
4.74
4.70
4.56
4.55
4.74
4.93
5.11
5.15
5.02
4.85
4.56
4.40
4.39
4.29
4.30
4.28
4.36
4.51
4.64
4.81
4.86
4.73
4.60
4.60
4.70
4.62
4.49
4.40
4.38
4.46
4.63
4.75
4.71
4.54
4.35
4.36
4.58
4.73
4.63
4.41
4.23
4.28
4.38
4.60
4.66
4.55
4.39
4.29
4.31
4.55
4.81
4.85
4.70
4.50
4.42
4.48
4.32
4.17
4.11
4.02
3.98
4.10
4.27
4.43
4.48
4.44
4.40
4.39
4.39
4.54
4.63
4.66
4.46
4.14
4.03
4.15
4.27
4.33
4.26
4.13
4.08
4.17
4.30
4.47
4.55
4.55
4.47
4.37
4.25
4.12
4.04
4.06
4.09
4.25
4.45
4.59
4.49
4.26
4.02
3.92
3.92
4.04
4.25
4.49
4.50
4.34
4.19
4.18
4.18
4.28
4.32
4.26
4.18
4.32
4.44
4.52
4.43
4.19
3.94
3.87
4.00
4.13
4.19
4.15
4.10
4.13
4.27
4.35
4.39
4.19
3.97
3.80
3.88
4.08
4.19
4.18
4.09
3.98
3.98
4.09
4.25
4.39
4.50
4.37
4.21
4.20
4.29
4.35
4.38
4.24
4.12
4.07
4.10
4.19
4.33
4.29
4.05
3.96
4.06
4.08
4.11
4.13
4.13
4.11
4.10
4.18
4.31
4.36
4.24
3.98
3.85
3.89
4.00
4.08
4.07
3.98
3.97
4.08
4.20
4.24
4.23
4.09
4.02
4.07
4.25
4.39
4.44
4.34
4.15
4.02
3.94
3.98
4.39
4.39
4.39
4.37
4.22
4.02
3.98
4.05
4.17
4.30
4.28
4.11
3.99
4.10
4.29
4.43
4.34
4.08
4.30
4.28
4.24
4.18
3.91
3.84
4.18
4.54
4.67
4.49
4.26
4.07
3.98
4.07
4.13
4.27
4.36
4.40
4.37
4.25
4.10
4.46
4.42
4.39
4.36
4.05
3.93
4.17
4.48
4.68
4.54
4.23
3.98
4.03
4.29
4.47
4.50
4.42
4.18
4.14
4.13
4.10
4.08
4.15
4.18
4.21
4.23
4.20
4.26
4.31
4.44
4.44
4.43
4.46
4.49
4.58
4.68
4.62
4.39
4.09
3.84
3.87
4.10
4.35
4.48
4.37
4.18
4.19
4.30
4.43
4.50
4.55
4.50
4.15
4.18
4.20
4.26
4.33
4.49
4.53
4.43
4.34
4.39
4.39
4.38
4.40
4.48
4.49
4.43
4.34
4.28
4.15
4.09
4.13
4.30
4.47
4.55
4.59
4.51
4.40
4.37
4.39
4.40
4.35
4.24
4.21
4.28
4.36
4.45
4.51
4.49
4.36
4.52
4.56
4.72
4.76
4.68
4.49
4.29
4.24
4.27
4.40
4.50
4.76
4.78
4.79
4.80
4.95
4.91
4.68
4.43
4.31
4.37
4.48
4.54
4.56
4.48
4.38
4.41
4.58
4.75
4.63
4.34
4.11
4.15
4.18
4.20
4.23
4.23
4.42
4.74
4.86
4.76
4.46
4.18
4.15
4.30
4.46
4.58
4.53
4.32
4.29
4.55
4.50
4.49
4.44
4.33
4.29
4.34
4.48
4.60
4.66
4.64
4.72
4.79
4.76
4.57
4.24
4.06
4.19
4.52
4.69
4.75
4.66
4.52
4.39
4.39
4.51
4.63
4.67
4.60
4.60
4.64
4.75
4.75
4.65
4.55
4.46
4.50
4.56
4.56
4.53
4.42
4.32
4.34
4.55
4.67
4.56
4.37
4.32
4.57
4.70
4.67
4.63
4.65
4.68
4.65
4.64
4.64
4.61
4.56
4.45
4.31
4.28
4.48
4.74
4.92
4.94
4.85
4.66
4.49
4.48
4.49
4.59
4.61
4.61
4.64
4.66
4.55
4.37
4.22
4.38
4.59
4.77
4.95
5.05
4.98
4.77
4.49
4.25
4.27
4.43
4.65
4.78
4.69
4.57
4.63
4.76
4.84
4.75
4.60
4.54
4.57
4.59
4.64
4.73
4.79
4.61
4.37
4.36
4.53
4.63
4.73
4.71
4.61
4.53
4.54
4.70
4.80
4.64
4.47
4.58
4.92
5.31
5.43
5.05
4.35
3.88
3.91
4.24
4.61
4.87
4.93
4.86
4.82
4.79
4.62
4.46
4.34
4.34
4.46
4.69
4.87
4.93
4.87
4.74
4.66
4.63
4.50
4.30
4.35
4.56
4.57
4.61
4.76
4.91
4.90
4.64
4.32
4.18
4.28
4.50
4.80
5.11
5.14
5.01
4.68
4.46
4.36
4.42
4.50
4.54
4.69
4.83
4.90
4.78
4.61
4.39
4.29
4.35
4.51
4.70
4.77
4.63
4.42
4.37
4.57
4.75
4.85
4.86
4.76
4.76
4.69
4.60
4.57
4.49
4.42
4.43
4.58
4.68
4.62
4.55
4.48
4.50
4.66
4.81
4.82
4.57
4.62
4.70
4.72
4.82
4.69
4.43
4.25
4.30
4.50
4.67
4.76
4.75
4.75
4.70
4.73
4.60
4.49
4.49
4.49
4.43
4.38
4.34
4.37
4.39
4.43
4.62
4.76
4.64
4.37
4.75
4.73
4.72
4.70
4.59
4.45
4.40
4.39
4.43
4.46
4.51
4.57
4.62
4.69
4.65
4.64
4.71
4.59
4.42
4.29
4.31
4.40
4.67
4.65
4.62
4.59
4.42
4.23
4.19
4.18
4.34
4.69
5.10
5.32
5.02
4.40
4.09
3.91
3.88
3.98
4.22
4.68
5.16
5.23
4.80
4.29
3.92
3.73
3.89
4.21
4.61
4.99
5.11
4.68
4.13
3.93
4.15
4.39
4.49
4.60
4.86
5.03
4.82
4.33
3.89
3.86
3.88
4.02
4.29
4.53
4.71
4.83
4.73
4.57
4.49
4.40
4.36
4.32
4.29
4.28
4.40
4.62
4.66
4.49
4.46
4.35
4.18
4.23
4.39
4.57
4.70
4.53
4.20
4.10
4.10
4.20
4.27
4.32
4.43
4.62
4.86
4.93
4.80
4.54
4.19
3.80
3.71
3.90
4.20
4.45
4.64
4.80
4.90
4.70
4.24
3.89
3.76
3.83
4.05
4.30
4.64
4.90
4.73
4.26
3.90
3.88
4.18
4.61
4.91
4.77
4.44
4.09
3.92
3.90
4.10
4.40
4.50
4.48
4.52
4.61
4.60
4.39
4.24
4.22
4.39
4.64
4.71
4.63
4.41
4.01
3.73
3.84
4.11
4.34
4.27
4.15
4.29
4.55
4.83
5.02
4.89
4.20
3.73
3.62
3.87
4.18
4.49
4.80
5.07
5.01
4.40
3.96
3.93
3.98
4.01
3.96
4.00
4.22
4.52
4.80
4.87
4.75
4.49
4.19
3.97
4.01
4.16
4.34
4.33
4.28
4.28
4.28
4.37
4.18
3.99
3.93
4.12
4.30
4.49
4.68
4.68
4.48
4.41
4.39
4.08
3.83
3.87
4.24
4.85
5.42
5.41
4.67
3.87
3.54
3.66
3.87
4.15
4.48
4.94
5.42
5.58
4.91
3.98
3.41
3.65
4.25
4.90
4.80
4.12
3.51
3.34
3.77
4.35
5.21
5.73
5.11
3.98
3.23
2.92
3.03
3.55
4.34
5.07
5.68
5.72
4.66
3.05
2.32
2.84
4.17
5.73
5.80
4.53
3.25
2.73
2.88
4.05
4.73
4.40
3.95
3.52
3.28
3.59
3.82
4.39
5.03
5.11
4.56
3.50
2.50
2.30
2.17
2.48
3.66
4.68
4.76
3.51
2.40
2.08
3.13
4.70
4.48
3.05
1.95
2.27
2.73
2.85
3.13
3.92
4.17
3.63
3.01
2.53
2.69
3.46
4.49
5.41
5.86
4.84
2.72
1.46
1.60
2.49
3.34
4.80
5.82
6.78
6.93
4.70
2.37
1.41
2.01
3.37
5.17
6.00
5.63
4.53
3.44
2.97
2.84
2.81
3.36
4.49
5.68
5.58
4.66
4.43
4.20
3.39
3.03
3.62
4.23
5.63
6.21
5.70
4.70
3.78
3.68
3.54
3.41
3.61
4.20
5.17
5.64
5.57
5.23
4.30
3.40
3.46
4.72
4.88
4.66
5.01
5.11
5.54
5.48
4.65
3.71
3.40
3.97
4.92
5.22
4.90
4.54
4.28
4.22
4.21
4.21
4.07
4.49
5.49
5.90
5.24
4.52
3.87
3.36
3.55
4.53
6.39
8.37
9.08
4.09
3.77
2.30
1.62
2.40
3.72
5.11
5.84
5.99
4.90
4.42
3.71
3.46
4.10
4.63
4.93
5.84
6.81
7.40
5.47
5.08
2.82
1.91
2.26
5.10
11.06
11.56
10.57
5.73
1.92
-0.42
-0.41
1.53
4.72
7.56
8.60
6.99
4.64
3.29
3.36
11.56
11.56
11.10
10.18
5.31
1.44
0.16
1.17
4.06
7.11
9.39
7.44
4.80
6.64
7.18
7.69
8.26
10.72
8.60
7.32
5.75
4.21
3.34
4.28
6.93
11.56
11.56
7.99
5.36
5.67
6.08
9.87
11.56
11.56
11.56
7.64
4.02
1.71
2.03
4.86
7.77
8.00
6.93
5.57
4.31
3.67
5.20
9.78
11.56
10.90
6.73
4.89
4.70
7.87
11.56
11.56
11.56
11.56
11.56
9.54
5.12
4.18
5.75
6.95
7.70
6.30
4.91
3.62
4.24
6.97
11.56
11.56
10.94
6.26
3.79
4.19
6.69
9.34
11.56
11.20
7.36
4.13
3.66
6.66
11.56
11.56
11.56
11.56
9.00
5.32
1.45
-0.04
3.00
10.08
11.56
11.56
10.41
5.63
1.76
1.70
4.37
8.93
11.56
11.56
11.56
8.50
7.03
4.84
5.01
8.72
11.56
11.56
10.86
4.21
-1.63
-1.65
2.32
7.87
11.56
11.56
11.56
9.25
5.26
4.48
8.31
11.56
11.56
7.54
5.36
3.63
0.26
1.29
5.25
11.47
11.56
11.56
10.60
3.49
-1.65
-1.65
0.96
9.60
11.56
11.56
11.56
7.78
4.51
3.59
4.77
7.28
6.25
3.72
4.04
5.20
6.75
7.59
10.04
8.99
6.88
6.80
7.46
4.24
0.59
0.76
4.69
8.98
11.56
10.71
6.35
3.15
-0.77
-0.51
2.77
4.18
7.32
8.28
6.30
4.63
3.67
2.94
3.53
8.72
11.56
11.56
9.24
2.47
-1.65
-1.19
2.53
7.29
10.33
8.53
7.06
3.51
0.71
1.21
4.50
7.11
6.20
4.45
4.59
4.39
2.73
0.89
1.09
3.39
7.00
8.55
10.40
8.60
2.31
-1.21
-1.62
1.69
5.67
11.56
11.56
5.86
1.87
2.86
5.01
4.51
3.15
4.32
7.37
8.13
5.13
3.51
4.91
3.07
0.95
0.38
1.72
4.02
6.08
7.01
6.80
4.76
4.32
4.70
4.09
1.54
-0.38
-0.05
2.46
5.39
7.93
8.93
7.69
9.45
6.56
0.16
-1.65
-1.36
2.99
4.36
3.75
2.74
2.94
4.22
4.80
5.14
6.35
7.10
5.19
1.58
0.30
1.70
2.07
2.00
2.71
5.12
6.60
5.47
3.71
1.61
1.40
2.86
4.62
4.44
1.91
-0.26
-0.51
2.01
6.30
7.67
5.08
3.79
3.75
3.94
4.23
4.61
6.12
6.28
3.13
2.84
4.54
4.80
1.70
-0.21
2.00
5.21
4.78
3.36
1.86
1.25
0.67
0.78
3.04
7.56
11.56
8.21
3.58
-1.14
-0.30
4.36
6.40
6.08
5.20
5.07
4.42
5.00
4.56
3.67
3.37
2.95
2.70
4.13
4.89
-0.24
-1.00
0.35
2.28
3.78
4.28
5.08
6.21
7.85
6.26
2.57
0.28
0.56
3.12
4.86
5.85
6.07
3.03
2.60
4.22
4.08
5.20
6.21
5.94
4.90
3.81
3.37
5.62
6.87
4.33
0.56
-1.44
-1.65
-0.85
5.02
8.64
7.95
5.07
2.69
1.41
1.40
4.29
9.51
11.56
8.10
3.10
5.29
4.68
4.16
3.77
2.66
1.83
1.08
1.81
5.44
9.44
8.62
4.98
0.61
-0.09
2.13
4.78
6.30
7.57
7.55
4.85
1.00
-0.88
-0.46
2.62
6.68
9.50
11.56
11.56
6.41
2.06
-1.65
-0.83
1.37
4.24
7.66
-1.65
-1.60
-1.39
-1.08
2.73
7.75
11.56
11.24
7.22
-0.15
-1.65
-1.65
4.11
5.79
11.56
11.56
7.90
5.63
4.12
2.14
-0.20
1.21
4.46
6.82
10.90
7.49
2.90
-0.13
-0.15
4.07
10.03
9.10
4.29
0.43
-1.20
-1.23
-0.10
3.44
8.87
11.56
8.10
4.04
5.05
7.24
8.00
6.04
3.14
1.16
0.97
4.73
9.02
7.96
2.85
-1.13
-0.82
1.81
4.93
6.06
5.26
4.28
7.80
11.56
5.90
1.65
1.06
0.22
0.45
1.36
4.86
7.69
6.22
4.23
3.15
3.25
4.85
5.99
7.38
5.64
1.28
-1.13
0.84
4.20
6.95
6.52
3.51
1.56
3.74
7.70
11.29
9.26
4.34
-0.63
-1.65
-1.46
3.19
8.59
7.43
4.10
1.50
-0.41
-0.97
3.26
11.56
11.56
8.40
2.86
-0.76
-1.38
-0.08
2.49
6.14
9.17
8.30
5.05
2.68
2.39
2.50
3.30
3.53
1.90
2.40
4.70
6.48
7.19
5.59
2.32
-1.36
-1.65
2.47
5.58
5.12
4.34
3.41
7.38
11.56
10.90
5.27
0.19
-1.65
-0.88
1.56
4.37
5.78
6.30
6.13
4.60
1.68
0.12
1.07
3.38
4.05
3.47
1.76
0.78
1.31
3.36
5.09
5.15
4.70
3.57
2.05
0.71
0.61
1.31
2.26
3.34
4.08
4.10
3.53
2.97
2.74
2.84
2.99
3.09
3.06
3.02
3.01
3.08
3.14
3.07
3.06
3.08
2.91
2.80
2.81
3.04
3.26
3.36
3.08
2.79
2.54
2.49
2.63
2.93
3.29
3.50
3.37
3.06
2.96
2.86
2.69
2.72
2.75
2.89
3.00
2.98
2.94
2.98
2.94
2.94
3.05
3.12
3.11
3.05
3.05
3.35
3.62
3.83
4.15
4.28
4.06
3.73
3.57
3.38
3.11
2.74
